21 4.06622 0.0052 2.31336 
143 16.4588 0.7317 2.29912 
153 4.0543 3.3803 2.31406 
371 16.4604 2.67402 4.12666 
391 13.5206 0.65268 2.07416 
396 10.6072 0.23662 1.46968 
404 5.56848 0.25682 1.42936 
423 5.55482 0.24854 5.00794 
431 10.6018 0.0472 4.7425 
436 13.5143 0.54416 4.25276 
442 16.4597 0.71794 4.13002 
446 13.5125 2.73068 4.3644 
451 10.6028 3.15036 4.96842 
459 5.53918 3.11632 5.0345 
478 5.55944 3.18698 1.4647 
486 10.6063 3.22332 1.53188 
491 13.5139 2.8427 2.18434 
497 16.4553 2.69032 2.3212 
690 2.49974 0.02368 2.2705 
767 16.5113 2.88828 3.84824 
776 16.521 0.55568 2.587 
1003 4.16892 0.0089 4.0032 
1021 2.42872 3.3746 4.10978 
1052 2.48178 0.0249 4.15054 
1152 2.5367 3.36562 2.24286 
1246 4.05972 3.37822 4.12278 
1439 13.5156 0.39206 2.38418 
1464 10.5851 0.00354 1.99768 
1503 5.44736 0.00376 1.96568 
1537 1.54046 0.00376 1.28608 
1538 1.29914 0.34448 1.03152 
1567 1.44848 0.00236 5.0662 
1569 1.18816 0.34288 5.30658 
1601 5.4272 0.00328 4.48768 
1639 10.5808 0.00352 4.2023 
1664 13.5113 0.31494 3.92142 
1699 16.567 0.52814 3.84104 
1717 13.5094 2.99428 4.05628 
1744 10.5766 3.38266 4.41494 
1784 5.40296 3.38212 4.54052 
1815 1.41438 3.38334 5.04698 
1816 1.164 3.03098 5.28988 
1845 1.54348 3.38146 1.27084 
1846 1.30256 3.03286 1.02226 
1877 5.43258 3.38246 2.0289 
1917 10.5791 3.38242 2.09934 
1944 13.5089 3.07168 2.51458 
1977 16.5188 2.90184 2.61372 
2090 18.5985 2.89646 2.61134 
2097 18.5976 2.89146 3.81862 
2158 18.6082 0.46974 2.65422 
2159 18.6085 0.4688 3.78288 
2166 17.1426 1.33594 2.61162 
2169 17.1634 1.29884 3.82276 
2184 17.9539 2.03816 2.61154 
2185 17.9439 2.05172 3.8244 
2191 17.1072 2.01118 2.61214 
2193 17.1063 2.00556 3.81868 
2198 17.9675 1.36154 2.61226 
2199 17.9693 1.36946 3.8228 
